{
    "type": "Rigid Body",
    "min_x": -15.000001,
    "max_x": 15.000001,
    "min_y": -15.000001,
    "max_y": 27.108345,
    "min_z": -15.0,
    "max_z": 15.000001,
    "tag": "ball"
},
