{
    "type": "Rigid Body",
    "min_x": -0.9274312,
    "max_x": 0.98926866,
    "min_y": -0.9789606,
    "max_y": 0.9802901,
    "min_z": -0.98926806,
    "max_z": 0.9242581,
    "tag": "ball"
},
